0.5220251
-0.1157942
-0.5207385
0.4505555
0.9037938
0.5258477
-0.9922813
-0.2455908
0.3423247
-0.1970136
-0.2049332
0.6528079
-0.314016
-0.9931595
0.2171281
0.2991318
-0.1668404
0.1119909
-0.02427599
0.3079016
0.2425744
-0.3981484
0.7301084
0.3633378
-1.426713
-0.8658835
-0.8177997
-0.277144
-0.8796179
0.4400952
0.8946012
0.412856
0.3048476
-0.1143664
0.1761209
0.06103329
0.1007493
-0.6763327
-1.203227
1.398434
0.5697592
0.07584465
-0.3515037
-0.5293993
0.5902306
0.7404359
-0.2485023
-0.3655178
0.2941242
0.8110747
-0.5557046
-0.1352741
-0.8573173
0.4715586
-0.07057869
-0.2081182
0.555974
-0.0681189
0.3114164
0.4197056
0.5751012
0.04500428
0.08543602
0.1633333
0.1679285
-0.2070053
-0.2250055
-0.3084358
-0.2742503
-0.7553378
0.4614297
0.1679339
0.7717513
0.4972935
-0.3040484
-0.3000142
-0.938289
-0.4950011
-0.2914856
-0.2717115
-0.1985727
0.3616774
0.01735684
0.1847606
0.1101531
-0.3862172
0.7517533
0.02465916
-0.2477924
0.1691364
0.7420796
